{
 "cells": [
  {
   "cell_type": "markdown",
   "metadata": {
    "id": "8u5NhbnEsc2-"
   },
   "source": [
    "#### Response Coding: Example"
   ]
  },
  {
   "cell_type": "markdown",
   "metadata": {
    "id": "HIFWmwHKsc3A"
   },
   "source": [
    "<img src='http://i.imgur.com/TufZptV.jpg' width=700px>\n",
    "\n",
    "> The response tabel is built only on train dataset.\n",
    "> For a category which is not there in train data and present in test data, we will encode them with default values\n",
    "Ex: in our test data if have State: D then we encode it as [0.5, 0.05]"
   ]
  },
  {
   "cell_type": "code",
   "execution_count": 2,
   "metadata": {
    "colab": {
     "base_uri": "https://localhost:8080/"
    },
    "id": "Q0whZCnZjTGj",
    "outputId": "11be377e-06ff-485b-ced8-d59f43a4a36e"
   },
   "outputs": [
    {
     "name": "stdout",
     "output_type": "stream",
     "text": [
      "Mounted at /content/drive\n"
     ]
    }
   ],
   "source": [
    "from google.colab import drive\n",
    "drive.mount('/content/drive')"
   ]
  },
  {
   "cell_type": "code",
   "execution_count": 3,
   "metadata": {
    "colab": {
     "base_uri": "https://localhost:8080/"
    },
    "id": "iffa2_WGsc3H",
    "outputId": "cdeabd60-24dd-49ef-caf1-123d39732ebd"
   },
   "outputs": [
    {
     "name": "stderr",
     "output_type": "stream",
     "text": [
      "/usr/local/lib/python3.6/dist-packages/nltk/twitter/__init__.py:20: UserWarning: The twython library has not been installed. Some functionality from the twitter package will not be available.\n",
      "  warnings.warn(\"The twython library has not been installed. \"\n"
     ]
    },
    {
     "name": "stdout",
     "output_type": "stream",
     "text": [
      "[nltk_data] Downloading package vader_lexicon to /root/nltk_data...\n",
      "neg: 0.01, neu: 0.745, pos: 0.245, compound: 0.9975, "
     ]
    }
   ],
   "source": [
    "import nltk\n",
    "from nltk.sentiment.vader import SentimentIntensityAnalyzer\n",
    "\n",
    "# import nltk\n",
    "nltk.download('vader_lexicon')\n",
    "\n",
    "sid = SentimentIntensityAnalyzer()\n",
    "\n",
    "for_sentiment = 'a person is a person no matter how small dr seuss i teach the smallest students with the biggest enthusiasm \\\n",
    "for learning my students learn in many different ways using all of our senses and multiple intelligences i use a wide range\\\n",
    "of techniques to help all my students succeed students in my class come from a variety of different backgrounds which makes\\\n",
    "for wonderful sharing of experiences and cultures including native americans our school is a caring community of successful \\\n",
    "learners which can be seen through collaborative student project based learning in and out of the classroom kindergarteners \\\n",
    "in my class love to work with hands on materials and have many different opportunities to practice a skill before it is\\\n",
    "mastered having the social skills to work cooperatively with friends is a crucial aspect of the kindergarten curriculum\\\n",
    "montana is the perfect place to learn about agriculture and nutrition my students love to role play in our pretend kitchen\\\n",
    "in the early childhood classroom i have had several kids ask me can we try cooking with real food i will take their idea \\\n",
    "and create common core cooking lessons where we learn important math and writing concepts while cooking delicious healthy \\\n",
    "food for snack time my students will have a grounded appreciation for the work that went into making the food and knowledge \\\n",
    "of where the ingredients came from as well as how it is healthy for their bodies this project would expand our learning of \\\n",
    "nutrition and agricultural cooking recipes by having us peel our own apples to make homemade applesauce make our own bread \\\n",
    "and mix up healthy plants from our classroom garden in the spring we will also create our own cookbooks to be printed and \\\n",
    "shared with families students will gain math and literature skills as well as a life long enjoyment for healthy cooking \\\n",
    "nannan'\n",
    "ss = sid.polarity_scores(for_sentiment)\n",
    "\n",
    "for k in ss:\n",
    "    print('{0}: {1}, '.format(k, ss[k]), end='')\n",
    "\n",
    "# we can use these 4 things as features/attributes (neg, neu, pos, compound)\n",
    "# neg: 0.0, neu: 0.753, pos: 0.247, compound: 0.93"
   ]
  },
  {
   "cell_type": "markdown",
   "metadata": {
    "id": "BOyTl7oKsc3W"
   },
   "source": [
    "<h1>1. GBDT (xgboost/lightgbm) </h1>"
   ]
  },
  {
   "cell_type": "markdown",
   "metadata": {
    "id": "VWge-b2Zsc3Z"
   },
   "source": [
    "## 1.1 Loading Data"
   ]
  },
  {
   "cell_type": "code",
   "execution_count": 4,
   "metadata": {
    "id": "qLmc5ZpIqLmq"
   },
   "outputs": [],
   "source": [
    "import pandas as pd\n",
    "import numpy as np\n",
    "import matplotlib.pyplot as plt\n",
    "from sklearn.model_selection import train_test_split\n",
    "from sklearn.preprocessing import StandardScaler\n",
    "from sklearn.preprocessing import Normalizer\n",
    "from sklearn.feature_extraction.text import TfidfVectorizer\n",
    "from sklearn.feature_extraction.text import CountVectorizer\n",
    "import pickle\n",
    "import tqdm"
   ]
  },
  {
   "cell_type": "code",
   "execution_count": 5,
   "metadata": {
    "id": "WDZFu6-usc3d"
   },
   "outputs": [],
   "source": [
    "path =\"/content/drive/My Drive/Colab Notebooks/data/preprocessed_data.csv\"\n",
    "data = pd.read_csv(path)"
   ]
  },
  {
   "cell_type": "markdown",
   "metadata": {
    "id": "yeWbS1Djnfe3"
   },
   "source": [
    "## Creating Sentiment Features"
   ]
  },
  {
   "cell_type": "code",
   "execution_count": 6,
   "metadata": {
    "colab": {
     "base_uri": "https://localhost:8080/"
    },
    "id": "WWvKs3zmnfe5",
    "outputId": "96826811-acdc-4e43-86a4-2de685d772c3"
   },
   "outputs": [
    {
     "data": {
      "text/plain": [
       "[{'compound': 0.9867, 'neg': 0.013, 'neu': 0.783, 'pos': 0.205},\n",
       " {'compound': 0.9897, 'neg': 0.072, 'neu': 0.68, 'pos': 0.248},\n",
       " {'compound': 0.986, 'neg': 0.017, 'neu': 0.721, 'pos': 0.262},\n",
       " {'compound': 0.9524, 'neg': 0.03, 'neu': 0.783, 'pos': 0.187},\n",
       " {'compound': 0.9873, 'neg': 0.029, 'neu': 0.683, 'pos': 0.288},\n",
       " {'compound': 0.9935, 'neg': 0.013, 'neu': 0.701, 'pos': 0.286},\n",
       " {'compound': 0.9977, 'neg': 0.019, 'neu': 0.577, 'pos': 0.404},\n",
       " {'compound': 0.9964, 'neg': 0.067, 'neu': 0.631, 'pos': 0.302},\n",
       " {'compound': 0.9484, 'neg': 0.063, 'neu': 0.784, 'pos': 0.153},\n",
       " {'compound': 0.9861, 'neg': 0.057, 'neu': 0.708, 'pos': 0.235},\n",
       " {'compound': 0.9976, 'neg': 0.012, 'neu': 0.578, 'pos': 0.41},\n",
       " {'compound': 0.9952, 'neg': 0.034, 'neu': 0.731, 'pos': 0.235},\n",
       " {'compound': 0.9875, 'neg': 0.013, 'neu': 0.669, 'pos': 0.318},\n",
       " {'compound': 0.9955, 'neg': 0.041, 'neu': 0.606, 'pos': 0.353},\n",
       " {'compound': 0.9834, 'neg': 0.018, 'neu': 0.832, 'pos': 0.15},\n",
       " {'compound': 0.9959, 'neg': 0.021, 'neu': 0.691, 'pos': 0.288},\n",
       " {'compound': 0.9899, 'neg': 0.007, 'neu': 0.769, 'pos': 0.224},\n",
       " {'compound': 0.995, 'neg': 0.079, 'neu': 0.661, 'pos': 0.259},\n",
       " {'compound': 0.9946, 'neg': 0.027, 'neu': 0.732, 'pos': 0.242},\n",
       " {'compound': 0.9859, 'neg': 0.044, 'neu': 0.726, 'pos': 0.23},\n",
       " {'compound': 0.9954, 'neg': 0.0, 'neu': 0.609, 'pos': 0.391},\n",
       " {'compound': 0.9931, 'neg': 0.02, 'neu': 0.72, 'pos': 0.259},\n",
       " {'compound': 0.99, 'neg': 0.064, 'neu': 0.66, 'pos': 0.276},\n",
       " {'compound': 0.9841, 'neg': 0.032, 'neu': 0.764, 'pos': 0.203},\n",
       " {'compound': 0.9968, 'neg': 0.011, 'neu': 0.646, 'pos': 0.343},\n",
       " {'compound': 0.9862, 'neg': 0.037, 'neu': 0.651, 'pos': 0.311},\n",
       " {'compound': 0.9877, 'neg': 0.027, 'neu': 0.8, 'pos': 0.174},\n",
       " {'compound': 0.9686, 'neg': 0.09, 'neu': 0.712, 'pos': 0.198},\n",
       " {'compound': 0.9916, 'neg': 0.0, 'neu': 0.719, 'pos': 0.281},\n",
       " {'compound': 0.9299, 'neg': 0.13, 'neu': 0.67, 'pos': 0.2},\n",
       " {'compound': 0.994, 'neg': 0.012, 'neu': 0.798, 'pos': 0.191},\n",
       " {'compound': 0.9938, 'neg': 0.065, 'neu': 0.696, 'pos': 0.239},\n",
       " {'compound': 0.9853, 'neg': 0.026, 'neu': 0.803, 'pos': 0.171},\n",
       " {'compound': 0.9896, 'neg': 0.013, 'neu': 0.749, 'pos': 0.237},\n",
       " {'compound': 0.9967, 'neg': 0.034, 'neu': 0.609, 'pos': 0.358},\n",
       " {'compound': 0.9977, 'neg': 0.007, 'neu': 0.55, 'pos': 0.443},\n",
       " {'compound': 0.9975, 'neg': 0.0, 'neu': 0.637, 'pos': 0.363},\n",
       " {'compound': 0.9941, 'neg': 0.042, 'neu': 0.668, 'pos': 0.29},\n",
       " {'compound': 0.9888, 'neg': 0.042, 'neu': 0.761, 'pos': 0.198},\n",
       " {'compound': 0.9938, 'neg': 0.035, 'neu': 0.638, 'pos': 0.327},\n",
       " {'compound': 0.987, 'neg': 0.091, 'neu': 0.603, 'pos': 0.307},\n",
       " {'compound': 0.9901, 'neg': 0.029, 'neu': 0.62, 'pos': 0.35},\n",
       " {'compound': 0.9776, 'neg': 0.0, 'neu': 0.815, 'pos': 0.185},\n",
       " {'compound': 0.9771, 'neg': 0.051, 'neu': 0.768, 'pos': 0.181},\n",
       " {'compound': 0.9904, 'neg': 0.0, 'neu': 0.699, 'pos': 0.301},\n",
       " {'compound': 0.7269, 'neg': 0.019, 'neu': 0.9, 'pos': 0.082},\n",
       " {'compound': 0.9731, 'neg': 0.073, 'neu': 0.72, 'pos': 0.207},\n",
       " {'compound': 0.9861, 'neg': 0.024, 'neu': 0.75, 'pos': 0.226},\n",
       " {'compound': 0.9837, 'neg': 0.085, 'neu': 0.623, 'pos': 0.292},\n",
       " {'compound': 0.9866, 'neg': 0.01, 'neu': 0.796, 'pos': 0.194},\n",
       " {'compound': 0.9958, 'neg': 0.062, 'neu': 0.644, 'pos': 0.294},\n",
       " {'compound': 0.9873, 'neg': 0.011, 'neu': 0.796, 'pos': 0.193},\n",
       " {'compound': 0.9885, 'neg': 0.024, 'neu': 0.732, 'pos': 0.245},\n",
       " {'compound': 0.9938, 'neg': 0.042, 'neu': 0.617, 'pos': 0.341},\n",
       " {'compound': 0.9936, 'neg': 0.042, 'neu': 0.685, 'pos': 0.272},\n",
       " {'compound': 0.9821, 'neg': 0.025, 'neu': 0.809, 'pos': 0.166},\n",
       " {'compound': 0.9756, 'neg': 0.046, 'neu': 0.74, 'pos': 0.214},\n",
       " {'compound': 0.8316, 'neg': 0.08, 'neu': 0.772, 'pos': 0.148},\n",
       " {'compound': 0.9916, 'neg': 0.05, 'neu': 0.702, 'pos': 0.248},\n",
       " {'compound': 0.9675, 'neg': 0.058, 'neu': 0.751, 'pos': 0.191},\n",
       " {'compound': 0.9958, 'neg': 0.015, 'neu': 0.643, 'pos': 0.342},\n",
       " {'compound': 0.9856, 'neg': 0.081, 'neu': 0.603, 'pos': 0.316},\n",
       " {'compound': 0.9694, 'neg': 0.015, 'neu': 0.824, 'pos': 0.161},\n",
       " {'compound': 0.9917, 'neg': 0.036, 'neu': 0.71, 'pos': 0.254},\n",
       " {'compound': 0.9894, 'neg': 0.016, 'neu': 0.778, 'pos': 0.206},\n",
       " {'compound': 0.9935, 'neg': 0.035, 'neu': 0.558, 'pos': 0.407},\n",
       " {'compound': 0.9956, 'neg': 0.064, 'neu': 0.645, 'pos': 0.291},\n",
       " {'compound': 0.9794, 'neg': 0.026, 'neu': 0.76, 'pos': 0.214},\n",
       " {'compound': 0.998, 'neg': 0.021, 'neu': 0.685, 'pos': 0.294},\n",
       " {'compound': 0.9956, 'neg': 0.064, 'neu': 0.645, 'pos': 0.291},\n",
       " {'compound': 0.9694, 'neg': 0.0, 'neu': 0.864, 'pos': 0.136},\n",
       " {'compound': 0.9922, 'neg': 0.013, 'neu': 0.765, 'pos': 0.222},\n",
       " {'compound': 0.9951, 'neg': 0.024, 'neu': 0.747, 'pos': 0.229},\n",
       " {'compound': 0.9904, 'neg': 0.085, 'neu': 0.636, 'pos': 0.279},\n",
       " {'compound': 0.9873, 'neg': 0.0, 'neu': 0.703, 'pos': 0.297},\n",
       " {'compound': 0.9937, 'neg': 0.03, 'neu': 0.653, 'pos': 0.317},\n",
       " {'compound': 0.9953, 'neg': 0.038, 'neu': 0.723, 'pos': 0.239},\n",
       " {'compound': 0.9901, 'neg': 0.059, 'neu': 0.739, 'pos': 0.202},\n",
       " {'compound': 0.9399, 'neg': 0.012, 'neu': 0.826, 'pos': 0.162},\n",
       " {'compound': 0.8913, 'neg': 0.093, 'neu': 0.739, 'pos': 0.169},\n",
       " {'compound': 0.9586, 'neg': 0.015, 'neu': 0.852, 'pos': 0.133},\n",
       " {'compound': 0.9423, 'neg': 0.033, 'neu': 0.815, 'pos': 0.152},\n",
       " {'compound': 0.9971, 'neg': 0.008, 'neu': 0.699, 'pos': 0.293},\n",
       " {'compound': -0.0299, 'neg': 0.094, 'neu': 0.822, 'pos': 0.084},\n",
       " {'compound': 0.9931, 'neg': 0.058, 'neu': 0.681, 'pos': 0.261},\n",
       " {'compound': 0.9912, 'neg': 0.011, 'neu': 0.736, 'pos': 0.253},\n",
       " {'compound': 0.9955, 'neg': 0.009, 'neu': 0.773, 'pos': 0.218},\n",
       " {'compound': 0.9962, 'neg': 0.038, 'neu': 0.633, 'pos': 0.33},\n",
       " {'compound': 0.9862, 'neg': 0.027, 'neu': 0.657, 'pos': 0.316},\n",
       " {'compound': 0.9079, 'neg': 0.061, 'neu': 0.775, 'pos': 0.164},\n",
       " {'compound': 0.9964, 'neg': 0.008, 'neu': 0.743, 'pos': 0.249},\n",
       " {'compound': 0.9643, 'neg': 0.032, 'neu': 0.848, 'pos': 0.12},\n",
       " {'compound': 0.9793, 'neg': 0.062, 'neu': 0.741, 'pos': 0.197},\n",
       " {'compound': 0.9802, 'neg': 0.047, 'neu': 0.817, 'pos': 0.136},\n",
       " {'compound': 0.9959, 'neg': 0.036, 'neu': 0.718, 'pos': 0.246},\n",
       " {'compound': 0.9858, 'neg': 0.063, 'neu': 0.714, 'pos': 0.224},\n",
       " {'compound': 0.9172, 'neg': 0.025, 'neu': 0.795, 'pos': 0.18},\n",
       " {'compound': 0.967, 'neg': 0.0, 'neu': 0.79, 'pos': 0.21},\n",
       " {'compound': 0.9889, 'neg': 0.04, 'neu': 0.714, 'pos': 0.246},\n",
       " {'compound': 0.9774, 'neg': 0.0, 'neu': 0.795, 'pos': 0.205},\n",
       " {'compound': 0.9954, 'neg': 0.036, 'neu': 0.61, 'pos': 0.354},\n",
       " {'compound': 0.9871, 'neg': 0.033, 'neu': 0.781, 'pos': 0.186},\n",
       " {'compound': 0.9917, 'neg': 0.0, 'neu': 0.75, 'pos': 0.25},\n",
       " {'compound': 0.9709, 'neg': 0.033, 'neu': 0.779, 'pos': 0.188},\n",
       " {'compound': 0.9908, 'neg': 0.0, 'neu': 0.759, 'pos': 0.241},\n",
       " {'compound': 0.9517, 'neg': 0.063, 'neu': 0.726, 'pos': 0.212},\n",
       " {'compound': 0.996, 'neg': 0.035, 'neu': 0.689, 'pos': 0.276},\n",
       " {'compound': 0.9909, 'neg': 0.04, 'neu': 0.672, 'pos': 0.288},\n",
       " {'compound': 0.9646, 'neg': 0.079, 'neu': 0.65, 'pos': 0.272},\n",
       " {'compound': 0.9888, 'neg': 0.02, 'neu': 0.78, 'pos': 0.201},\n",
       " {'compound': 0.9952, 'neg': 0.053, 'neu': 0.667, 'pos': 0.279},\n",
       " {'compound': 0.7103, 'neg': 0.038, 'neu': 0.858, 'pos': 0.103},\n",
       " {'compound': 0.9896, 'neg': 0.028, 'neu': 0.733, 'pos': 0.239},\n",
       " {'compound': 0.996, 'neg': 0.023, 'neu': 0.699, 'pos': 0.278},\n",
       " {'compound': 0.9951, 'neg': 0.094, 'neu': 0.54, 'pos': 0.366},\n",
       " {'compound': 0.9929, 'neg': 0.048, 'neu': 0.675, 'pos': 0.277},\n",
       " {'compound': 0.9729, 'neg': 0.012, 'neu': 0.816, 'pos': 0.171},\n",
       " {'compound': 0.9981, 'neg': 0.034, 'neu': 0.649, 'pos': 0.317},\n",
       " {'compound': 0.9903, 'neg': 0.073, 'neu': 0.661, 'pos': 0.266},\n",
       " {'compound': 0.9831, 'neg': 0.02, 'neu': 0.76, 'pos': 0.221},\n",
       " {'compound': 0.9888, 'neg': 0.088, 'neu': 0.595, 'pos': 0.316},\n",
       " {'compound': 0.981, 'neg': 0.057, 'neu': 0.757, 'pos': 0.186},\n",
       " {'compound': 0.9898, 'neg': 0.018, 'neu': 0.758, 'pos': 0.224},\n",
       " {'compound': 0.9892, 'neg': 0.039, 'neu': 0.721, 'pos': 0.24},\n",
       " {'compound': 0.995, 'neg': 0.044, 'neu': 0.607, 'pos': 0.35},\n",
       " {'compound': 0.9842, 'neg': 0.082, 'neu': 0.605, 'pos': 0.313},\n",
       " {'compound': 0.9889, 'neg': 0.129, 'neu': 0.592, 'pos': 0.279},\n",
       " {'compound': 0.9922, 'neg': 0.0, 'neu': 0.746, 'pos': 0.254},\n",
       " {'compound': 0.9959, 'neg': 0.023, 'neu': 0.702, 'pos': 0.275},\n",
       " {'compound': 0.9169, 'neg': 0.02, 'neu': 0.839, 'pos': 0.141},\n",
       " {'compound': 0.1603, 'neg': 0.044, 'neu': 0.9, 'pos': 0.056},\n",
       " {'compound': 0.9952, 'neg': 0.054, 'neu': 0.563, 'pos': 0.384},\n",
       " {'compound': 0.9788, 'neg': 0.014, 'neu': 0.758, 'pos': 0.227},\n",
       " {'compound': 0.9753, 'neg': 0.067, 'neu': 0.65, 'pos': 0.284},\n",
       " {'compound': 0.9877, 'neg': 0.019, 'neu': 0.738, 'pos': 0.243},\n",
       " {'compound': 0.9894, 'neg': 0.056, 'neu': 0.66, 'pos': 0.284},\n",
       " {'compound': 0.9819, 'neg': 0.011, 'neu': 0.821, 'pos': 0.168},\n",
       " {'compound': 0.9977, 'neg': 0.027, 'neu': 0.67, 'pos': 0.303},\n",
       " {'compound': 0.9938, 'neg': 0.011, 'neu': 0.676, 'pos': 0.313},\n",
       " {'compound': 0.9852, 'neg': 0.0, 'neu': 0.749, 'pos': 0.251},\n",
       " {'compound': 0.8934, 'neg': 0.036, 'neu': 0.808, 'pos': 0.155},\n",
       " {'compound': 0.9952, 'neg': 0.043, 'neu': 0.652, 'pos': 0.304},\n",
       " {'compound': 0.9753, 'neg': 0.0, 'neu': 0.752, 'pos': 0.248},\n",
       " {'compound': 0.9885, 'neg': 0.033, 'neu': 0.656, 'pos': 0.311},\n",
       " {'compound': 0.9888, 'neg': 0.042, 'neu': 0.665, 'pos': 0.293},\n",
       " {'compound': 0.994, 'neg': 0.018, 'neu': 0.602, 'pos': 0.38},\n",
       " {'compound': 0.9937, 'neg': 0.028, 'neu': 0.718, 'pos': 0.254},\n",
       " {'compound': 0.9794, 'neg': 0.08, 'neu': 0.665, 'pos': 0.255},\n",
       " {'compound': 0.9263, 'neg': 0.075, 'neu': 0.775, 'pos': 0.15},\n",
       " {'compound': 0.9837, 'neg': 0.014, 'neu': 0.771, 'pos': 0.215},\n",
       " {'compound': 0.9029, 'neg': 0.07, 'neu': 0.75, 'pos': 0.179},\n",
       " {'compound': 0.9832, 'neg': 0.07, 'neu': 0.663, 'pos': 0.267},\n",
       " {'compound': 0.987, 'neg': 0.092, 'neu': 0.629, 'pos': 0.278},\n",
       " {'compound': 0.9842, 'neg': 0.008, 'neu': 0.783, 'pos': 0.209},\n",
       " {'compound': 0.9538, 'neg': 0.038, 'neu': 0.725, 'pos': 0.237},\n",
       " {'compound': 0.9953, 'neg': 0.05, 'neu': 0.636, 'pos': 0.314},\n",
       " {'compound': 0.9579, 'neg': 0.125, 'neu': 0.645, 'pos': 0.23},\n",
       " {'compound': 0.9878, 'neg': 0.023, 'neu': 0.79, 'pos': 0.187},\n",
       " {'compound': 0.9643, 'neg': 0.04, 'neu': 0.743, 'pos': 0.218},\n",
       " {'compound': 0.9952, 'neg': 0.0, 'neu': 0.617, 'pos': 0.383},\n",
       " {'compound': 0.9616, 'neg': 0.023, 'neu': 0.863, 'pos': 0.114},\n",
       " {'compound': 0.9959, 'neg': 0.008, 'neu': 0.584, 'pos': 0.408},\n",
       " {'compound': 0.9966, 'neg': 0.0, 'neu': 0.609, 'pos': 0.391},\n",
       " {'compound': 0.9961, 'neg': 0.0, 'neu': 0.628, 'pos': 0.372},\n",
       " {'compound': 0.9968, 'neg': 0.048, 'neu': 0.669, 'pos': 0.284},\n",
       " {'compound': 0.977, 'neg': 0.093, 'neu': 0.63, 'pos': 0.277},\n",
       " {'compound': 0.4738, 'neg': 0.14, 'neu': 0.693, 'pos': 0.167},\n",
       " {'compound': 0.9943, 'neg': 0.02, 'neu': 0.582, 'pos': 0.399},\n",
       " {'compound': 0.9853, 'neg': 0.046, 'neu': 0.723, 'pos': 0.231},\n",
       " {'compound': 0.9898, 'neg': 0.043, 'neu': 0.651, 'pos': 0.306},\n",
       " {'compound': 0.9726, 'neg': 0.029, 'neu': 0.783, 'pos': 0.187},\n",
       " {'compound': 0.9977, 'neg': 0.03, 'neu': 0.582, 'pos': 0.387},\n",
       " {'compound': 0.9876, 'neg': 0.032, 'neu': 0.746, 'pos': 0.223},\n",
       " {'compound': 0.9584, 'neg': 0.062, 'neu': 0.781, 'pos': 0.156},\n",
       " {'compound': 0.836, 'neg': 0.048, 'neu': 0.813, 'pos': 0.139},\n",
       " {'compound': 0.8839, 'neg': 0.078, 'neu': 0.754, 'pos': 0.168},\n",
       " {'compound': 0.9918, 'neg': 0.077, 'neu': 0.611, 'pos': 0.313},\n",
       " {'compound': 0.9716, 'neg': 0.012, 'neu': 0.817, 'pos': 0.171},\n",
       " {'compound': 0.9928, 'neg': 0.027, 'neu': 0.62, 'pos': 0.354},\n",
       " {'compound': 0.9517, 'neg': 0.026, 'neu': 0.795, 'pos': 0.179},\n",
       " {'compound': 0.9958, 'neg': 0.058, 'neu': 0.658, 'pos': 0.283},\n",
       " {'compound': 0.9796, 'neg': 0.109, 'neu': 0.66, 'pos': 0.231},\n",
       " {'compound': 0.9959, 'neg': 0.064, 'neu': 0.634, 'pos': 0.302},\n",
       " {'compound': 0.9753, 'neg': 0.029, 'neu': 0.786, 'pos': 0.185},\n",
       " {'compound': 0.9961, 'neg': 0.021, 'neu': 0.589, 'pos': 0.391},\n",
       " {'compound': 0.9864, 'neg': 0.0, 'neu': 0.73, 'pos': 0.27},\n",
       " {'compound': 0.9582, 'neg': 0.098, 'neu': 0.678, 'pos': 0.224},\n",
       " {'compound': 0.9828, 'neg': 0.0, 'neu': 0.801, 'pos': 0.199},\n",
       " {'compound': 0.9948, 'neg': 0.04, 'neu': 0.679, 'pos': 0.281},\n",
       " {'compound': 0.997, 'neg': 0.032, 'neu': 0.66, 'pos': 0.308},\n",
       " {'compound': 0.9792, 'neg': 0.016, 'neu': 0.752, 'pos': 0.232},\n",
       " {'compound': 0.9866, 'neg': 0.0, 'neu': 0.859, 'pos': 0.141},\n",
       " {'compound': 0.9879, 'neg': 0.0, 'neu': 0.727, 'pos': 0.273},\n",
       " {'compound': 0.9965, 'neg': 0.028, 'neu': 0.687, 'pos': 0.286},\n",
       " {'compound': 0.9559, 'neg': 0.04, 'neu': 0.792, 'pos': 0.168},\n",
       " {'compound': 0.9485, 'neg': 0.069, 'neu': 0.718, 'pos': 0.213},\n",
       " {'compound': 0.9967, 'neg': 0.051, 'neu': 0.611, 'pos': 0.337},\n",
       " {'compound': 0.9493, 'neg': 0.151, 'neu': 0.595, 'pos': 0.253},\n",
       " {'compound': 0.9855, 'neg': 0.076, 'neu': 0.727, 'pos': 0.197},\n",
       " {'compound': 0.9925, 'neg': 0.018, 'neu': 0.769, 'pos': 0.213},\n",
       " {'compound': 0.9939, 'neg': 0.019, 'neu': 0.668, 'pos': 0.312},\n",
       " {'compound': 0.9339, 'neg': 0.101, 'neu': 0.721, 'pos': 0.178},\n",
       " {'compound': 0.9961, 'neg': 0.019, 'neu': 0.696, 'pos': 0.285},\n",
       " {'compound': 0.9927, 'neg': 0.072, 'neu': 0.599, 'pos': 0.329},\n",
       " {'compound': 0.9972, 'neg': 0.057, 'neu': 0.639, 'pos': 0.304},\n",
       " {'compound': 0.9946, 'neg': 0.029, 'neu': 0.635, 'pos': 0.336},\n",
       " {'compound': 0.9888, 'neg': 0.046, 'neu': 0.755, 'pos': 0.199},\n",
       " {'compound': 0.9831, 'neg': 0.0, 'neu': 0.821, 'pos': 0.179},\n",
       " {'compound': 0.9601, 'neg': 0.0, 'neu': 0.808, 'pos': 0.192},\n",
       " {'compound': 0.9985, 'neg': 0.038, 'neu': 0.569, 'pos': 0.393},\n",
       " {'compound': 0.9133, 'neg': 0.037, 'neu': 0.839, 'pos': 0.124},\n",
       " {'compound': 0.9956, 'neg': 0.015, 'neu': 0.684, 'pos': 0.301},\n",
       " {'compound': 0.9733, 'neg': 0.047, 'neu': 0.738, 'pos': 0.215},\n",
       " {'compound': 0.9901, 'neg': 0.041, 'neu': 0.684, 'pos': 0.275},\n",
       " {'compound': 0.8803, 'neg': 0.051, 'neu': 0.808, 'pos': 0.142},\n",
       " {'compound': 0.985, 'neg': 0.017, 'neu': 0.803, 'pos': 0.18},\n",
       " {'compound': 0.9957, 'neg': 0.039, 'neu': 0.654, 'pos': 0.307},\n",
       " {'compound': 0.9953, 'neg': 0.031, 'neu': 0.685, 'pos': 0.284},\n",
       " {'compound': 0.9031, 'neg': 0.024, 'neu': 0.834, 'pos': 0.142},\n",
       " {'compound': 0.9535, 'neg': 0.023, 'neu': 0.861, 'pos': 0.116},\n",
       " {'compound': 0.9798, 'neg': 0.0, 'neu': 0.76, 'pos': 0.24},\n",
       " {'compound': 0.9909, 'neg': 0.072, 'neu': 0.632, 'pos': 0.296},\n",
       " {'compound': 0.99, 'neg': 0.08, 'neu': 0.636, 'pos': 0.284},\n",
       " {'compound': 0.9928, 'neg': 0.0, 'neu': 0.725, 'pos': 0.275},\n",
       " {'compound': 0.765, 'neg': 0.121, 'neu': 0.725, 'pos': 0.155},\n",
       " {'compound': 0.9838, 'neg': 0.019, 'neu': 0.809, 'pos': 0.172},\n",
       " {'compound': 0.9899, 'neg': 0.02, 'neu': 0.72, 'pos': 0.26},\n",
       " {'compound': 0.9787, 'neg': 0.0, 'neu': 0.778, 'pos': 0.222},\n",
       " {'compound': 0.9716, 'neg': 0.063, 'neu': 0.685, 'pos': 0.252},\n",
       " {'compound': 0.9964, 'neg': 0.021, 'neu': 0.608, 'pos': 0.371},\n",
       " {'compound': 0.9628, 'neg': 0.04, 'neu': 0.741, 'pos': 0.219},\n",
       " {'compound': 0.9855, 'neg': 0.098, 'neu': 0.69, 'pos': 0.212},\n",
       " {'compound': 0.9974, 'neg': 0.022, 'neu': 0.542, 'pos': 0.437},\n",
       " {'compound': 0.9977, 'neg': 0.0, 'neu': 0.56, 'pos': 0.44},\n",
       " {'compound': 0.4791, 'neg': 0.124, 'neu': 0.732, 'pos': 0.144},\n",
       " {'compound': 0.9948, 'neg': 0.038, 'neu': 0.614, 'pos': 0.348},\n",
       " {'compound': 0.9971, 'neg': 0.011, 'neu': 0.681, 'pos': 0.309},\n",
       " {'compound': 0.9974, 'neg': 0.018, 'neu': 0.698, 'pos': 0.284},\n",
       " {'compound': 0.9919, 'neg': 0.014, 'neu': 0.594, 'pos': 0.392},\n",
       " {'compound': 0.9905, 'neg': 0.073, 'neu': 0.618, 'pos': 0.308},\n",
       " {'compound': 0.9912, 'neg': 0.095, 'neu': 0.579, 'pos': 0.326},\n",
       " {'compound': 0.9825, 'neg': 0.092, 'neu': 0.632, 'pos': 0.276},\n",
       " {'compound': 0.9955, 'neg': 0.012, 'neu': 0.703, 'pos': 0.285},\n",
       " {'compound': 0.9967, 'neg': 0.007, 'neu': 0.598, 'pos': 0.394},\n",
       " {'compound': 0.9571, 'neg': 0.064, 'neu': 0.736, 'pos': 0.2},\n",
       " {'compound': 0.9915, 'neg': 0.042, 'neu': 0.67, 'pos': 0.287},\n",
       " {'compound': 0.9939, 'neg': 0.012, 'neu': 0.757, 'pos': 0.231},\n",
       " {'compound': 0.9856, 'neg': 0.02, 'neu': 0.795, 'pos': 0.185},\n",
       " {'compound': 0.9889, 'neg': 0.013, 'neu': 0.726, 'pos': 0.261},\n",
       " {'compound': 0.9983, 'neg': 0.05, 'neu': 0.571, 'pos': 0.379},\n",
       " {'compound': 0.982, 'neg': 0.078, 'neu': 0.69, 'pos': 0.232},\n",
       " {'compound': 0.8565, 'neg': 0.1, 'neu': 0.726, 'pos': 0.174},\n",
       " {'compound': 0.995, 'neg': 0.048, 'neu': 0.655, 'pos': 0.298},\n",
       " {'compound': 0.9973, 'neg': 0.028, 'neu': 0.636, 'pos': 0.336},\n",
       " {'compound': 0.9896, 'neg': 0.059, 'neu': 0.713, 'pos': 0.228},\n",
       " {'compound': 0.9971, 'neg': 0.021, 'neu': 0.556, 'pos': 0.423},\n",
       " {'compound': 0.9902, 'neg': 0.055, 'neu': 0.643, 'pos': 0.302},\n",
       " {'compound': 0.959, 'neg': 0.051, 'neu': 0.728, 'pos': 0.221},\n",
       " {'compound': 0.8626, 'neg': 0.101, 'neu': 0.731, 'pos': 0.167},\n",
       " {'compound': 0.9611, 'neg': 0.069, 'neu': 0.741, 'pos': 0.19},\n",
       " {'compound': 0.9239, 'neg': 0.128, 'neu': 0.634, 'pos': 0.238},\n",
       " {'compound': 0.9716, 'neg': 0.015, 'neu': 0.804, 'pos': 0.182},\n",
       " {'compound': 0.9803, 'neg': 0.014, 'neu': 0.805, 'pos': 0.181},\n",
       " {'compound': 0.9816, 'neg': 0.011, 'neu': 0.781, 'pos': 0.208},\n",
       " {'compound': 0.985, 'neg': 0.061, 'neu': 0.76, 'pos': 0.179},\n",
       " {'compound': 0.9966, 'neg': 0.02, 'neu': 0.682, 'pos': 0.298},\n",
       " {'compound': 0.9785, 'neg': 0.012, 'neu': 0.796, 'pos': 0.193},\n",
       " {'compound': 0.8413, 'neg': 0.118, 'neu': 0.701, 'pos': 0.181},\n",
       " {'compound': 0.9954, 'neg': 0.031, 'neu': 0.585, 'pos': 0.384},\n",
       " {'compound': 0.9952, 'neg': 0.07, 'neu': 0.642, 'pos': 0.288},\n",
       " {'compound': 0.9869, 'neg': 0.024, 'neu': 0.74, 'pos': 0.236},\n",
       " {'compound': 0.9941, 'neg': 0.05, 'neu': 0.66, 'pos': 0.29},\n",
       " {'compound': 0.962, 'neg': 0.057, 'neu': 0.739, 'pos': 0.204},\n",
       " {'compound': 0.9968, 'neg': 0.011, 'neu': 0.594, 'pos': 0.395},\n",
       " {'compound': 0.9895, 'neg': 0.009, 'neu': 0.693, 'pos': 0.299},\n",
       " {'compound': 0.9974, 'neg': 0.032, 'neu': 0.624, 'pos': 0.343},\n",
       " {'compound': 0.9961, 'neg': 0.062, 'neu': 0.601, 'pos': 0.337},\n",
       " {'compound': 0.9969, 'neg': 0.022, 'neu': 0.652, 'pos': 0.326},\n",
       " {'compound': 0.9823, 'neg': 0.108, 'neu': 0.651, 'pos': 0.242},\n",
       " {'compound': 0.9874, 'neg': 0.023, 'neu': 0.715, 'pos': 0.262},\n",
       " {'compound': 0.9825, 'neg': 0.033, 'neu': 0.804, 'pos': 0.163},\n",
       " {'compound': 0.9781, 'neg': 0.024, 'neu': 0.735, 'pos': 0.241},\n",
       " {'compound': 0.9982, 'neg': 0.028, 'neu': 0.588, 'pos': 0.383},\n",
       " {'compound': 0.9929, 'neg': 0.051, 'neu': 0.61, 'pos': 0.339},\n",
       " {'compound': 0.9985, 'neg': 0.034, 'neu': 0.58, 'pos': 0.386},\n",
       " {'compound': 0.9931, 'neg': 0.007, 'neu': 0.718, 'pos': 0.275},\n",
       " {'compound': 0.9938, 'neg': 0.034, 'neu': 0.727, 'pos': 0.24},\n",
       " {'compound': 0.9909, 'neg': 0.053, 'neu': 0.726, 'pos': 0.221},\n",
       " {'compound': 0.9954, 'neg': 0.0, 'neu': 0.729, 'pos': 0.271},\n",
       " {'compound': 0.9837, 'neg': 0.119, 'neu': 0.579, 'pos': 0.302},\n",
       " {'compound': 0.9879, 'neg': 0.058, 'neu': 0.737, 'pos': 0.205},\n",
       " {'compound': 0.9814, 'neg': 0.019, 'neu': 0.689, 'pos': 0.292},\n",
       " {'compound': 0.994, 'neg': 0.064, 'neu': 0.666, 'pos': 0.27},\n",
       " {'compound': 0.9925, 'neg': 0.046, 'neu': 0.64, 'pos': 0.314},\n",
       " {'compound': 0.9645, 'neg': 0.055, 'neu': 0.77, 'pos': 0.175},\n",
       " {'compound': 0.9935, 'neg': 0.023, 'neu': 0.696, 'pos': 0.281},\n",
       " {'compound': 0.9922, 'neg': 0.0, 'neu': 0.658, 'pos': 0.342},\n",
       " {'compound': 0.9645, 'neg': 0.055, 'neu': 0.77, 'pos': 0.175},\n",
       " {'compound': 0.5267, 'neg': 0.109, 'neu': 0.717, 'pos': 0.174},\n",
       " {'compound': 0.9941, 'neg': 0.044, 'neu': 0.734, 'pos': 0.222},\n",
       " {'compound': 0.9779, 'neg': 0.04, 'neu': 0.765, 'pos': 0.195},\n",
       " {'compound': 0.8901, 'neg': 0.03, 'neu': 0.82, 'pos': 0.15},\n",
       " {'compound': 0.9925, 'neg': 0.063, 'neu': 0.732, 'pos': 0.205},\n",
       " {'compound': 0.9659, 'neg': 0.02, 'neu': 0.822, 'pos': 0.158},\n",
       " {'compound': 0.9935, 'neg': 0.042, 'neu': 0.627, 'pos': 0.331},\n",
       " {'compound': 0.9925, 'neg': 0.041, 'neu': 0.616, 'pos': 0.343},\n",
       " {'compound': 0.8282, 'neg': 0.121, 'neu': 0.68, 'pos': 0.199},\n",
       " {'compound': 0.9947, 'neg': 0.02, 'neu': 0.734, 'pos': 0.246},\n",
       " {'compound': 0.8999, 'neg': 0.014, 'neu': 0.885, 'pos': 0.101},\n",
       " {'compound': 0.9884, 'neg': 0.091, 'neu': 0.604, 'pos': 0.305},\n",
       " {'compound': 0.9954, 'neg': 0.051, 'neu': 0.666, 'pos': 0.283},\n",
       " {'compound': 0.9814, 'neg': 0.044, 'neu': 0.799, 'pos': 0.157},\n",
       " {'compound': 0.9939, 'neg': 0.031, 'neu': 0.702, 'pos': 0.267},\n",
       " {'compound': 0.9961, 'neg': 0.01, 'neu': 0.537, 'pos': 0.453},\n",
       " {'compound': 0.9934, 'neg': 0.014, 'neu': 0.58, 'pos': 0.407},\n",
       " {'compound': 0.9915, 'neg': 0.0, 'neu': 0.798, 'pos': 0.202},\n",
       " {'compound': 0.9895, 'neg': 0.068, 'neu': 0.634, 'pos': 0.298},\n",
       " {'compound': 0.9512, 'neg': 0.072, 'neu': 0.746, 'pos': 0.183},\n",
       " {'compound': 0.9843, 'neg': 0.014, 'neu': 0.743, 'pos': 0.243},\n",
       " {'compound': 0.9948, 'neg': 0.05, 'neu': 0.65, 'pos': 0.3},\n",
       " {'compound': 0.9231, 'neg': 0.049, 'neu': 0.788, 'pos': 0.163},\n",
       " {'compound': 0.9945, 'neg': 0.036, 'neu': 0.673, 'pos': 0.291},\n",
       " {'compound': 0.8456, 'neg': 0.06, 'neu': 0.817, 'pos': 0.123},\n",
       " {'compound': 0.995, 'neg': 0.018, 'neu': 0.715, 'pos': 0.267},\n",
       " {'compound': 0.9732, 'neg': 0.101, 'neu': 0.648, 'pos': 0.251},\n",
       " {'compound': 0.9906, 'neg': 0.041, 'neu': 0.712, 'pos': 0.247},\n",
       " {'compound': 0.9791, 'neg': 0.116, 'neu': 0.639, 'pos': 0.245},\n",
       " {'compound': 0.9917, 'neg': 0.027, 'neu': 0.732, 'pos': 0.241},\n",
       " {'compound': 0.9442, 'neg': 0.077, 'neu': 0.774, 'pos': 0.149},\n",
       " {'compound': 0.9961, 'neg': 0.023, 'neu': 0.631, 'pos': 0.346},\n",
       " {'compound': 0.9823, 'neg': 0.019, 'neu': 0.827, 'pos': 0.154},\n",
       " {'compound': 0.9902, 'neg': 0.047, 'neu': 0.693, 'pos': 0.26},\n",
       " {'compound': 0.9858, 'neg': 0.008, 'neu': 0.745, 'pos': 0.246},\n",
       " {'compound': 0.9578, 'neg': 0.122, 'neu': 0.624, 'pos': 0.254},\n",
       " {'compound': 0.9879, 'neg': 0.04, 'neu': 0.742, 'pos': 0.217},\n",
       " {'compound': 0.9423, 'neg': 0.07, 'neu': 0.745, 'pos': 0.185},\n",
       " {'compound': 0.9871, 'neg': 0.048, 'neu': 0.716, 'pos': 0.236},\n",
       " {'compound': 0.969, 'neg': 0.04, 'neu': 0.774, 'pos': 0.186},\n",
       " {'compound': -0.4434, 'neg': 0.143, 'neu': 0.724, 'pos': 0.133},\n",
       " {'compound': 0.9839, 'neg': 0.012, 'neu': 0.807, 'pos': 0.181},\n",
       " {'compound': 0.8136, 'neg': 0.118, 'neu': 0.678, 'pos': 0.205},\n",
       " {'compound': -0.8481, 'neg': 0.175, 'neu': 0.706, 'pos': 0.119},\n",
       " {'compound': 0.9873, 'neg': 0.0, 'neu': 0.754, 'pos': 0.246},\n",
       " {'compound': 0.9918, 'neg': 0.012, 'neu': 0.742, 'pos': 0.246},\n",
       " {'compound': 0.9858, 'neg': 0.028, 'neu': 0.762, 'pos': 0.21},\n",
       " {'compound': 0.9955, 'neg': 0.027, 'neu': 0.612, 'pos': 0.361},\n",
       " {'compound': 0.9955, 'neg': 0.01, 'neu': 0.719, 'pos': 0.271},\n",
       " {'compound': 0.9931, 'neg': 0.054, 'neu': 0.661, 'pos': 0.285},\n",
       " {'compound': 0.9652, 'neg': 0.036, 'neu': 0.77, 'pos': 0.195},\n",
       " {'compound': 0.9922, 'neg': 0.037, 'neu': 0.673, 'pos': 0.29},\n",
       " {'compound': 0.9967, 'neg': 0.018, 'neu': 0.634, 'pos': 0.348},\n",
       " {'compound': 0.9968, 'neg': 0.044, 'neu': 0.587, 'pos': 0.369},\n",
       " {'compound': 0.9771, 'neg': 0.045, 'neu': 0.688, 'pos': 0.266},\n",
       " {'compound': 0.9908, 'neg': 0.0, 'neu': 0.734, 'pos': 0.266},\n",
       " {'compound': 0.9976, 'neg': 0.018, 'neu': 0.558, 'pos': 0.424},\n",
       " {'compound': 0.9847, 'neg': 0.053, 'neu': 0.735, 'pos': 0.212},\n",
       " {'compound': 0.9867, 'neg': 0.082, 'neu': 0.707, 'pos': 0.211},\n",
       " {'compound': 0.9943, 'neg': 0.042, 'neu': 0.691, 'pos': 0.267},\n",
       " {'compound': 0.9728, 'neg': 0.156, 'neu': 0.566, 'pos': 0.279},\n",
       " {'compound': 0.8225, 'neg': 0.102, 'neu': 0.752, 'pos': 0.146},\n",
       " {'compound': 0.9964, 'neg': 0.064, 'neu': 0.482, 'pos': 0.454},\n",
       " {'compound': 0.9708, 'neg': 0.067, 'neu': 0.754, 'pos': 0.179},\n",
       " {'compound': 0.97, 'neg': 0.068, 'neu': 0.717, 'pos': 0.216},\n",
       " {'compound': 0.9814, 'neg': 0.028, 'neu': 0.794, 'pos': 0.177},\n",
       " {'compound': 0.743, 'neg': 0.068, 'neu': 0.838, 'pos': 0.094},\n",
       " {'compound': 0.9707, 'neg': 0.059, 'neu': 0.757, 'pos': 0.185},\n",
       " {'compound': 0.9899, 'neg': 0.032, 'neu': 0.639, 'pos': 0.329},\n",
       " {'compound': 0.9791, 'neg': 0.063, 'neu': 0.651, 'pos': 0.286},\n",
       " {'compound': 0.9056, 'neg': 0.094, 'neu': 0.75, 'pos': 0.156},\n",
       " {'compound': 0.951, 'neg': 0.042, 'neu': 0.822, 'pos': 0.135},\n",
       " {'compound': 0.9861, 'neg': 0.018, 'neu': 0.782, 'pos': 0.201},\n",
       " {'compound': 0.7986, 'neg': 0.181, 'neu': 0.601, 'pos': 0.218},\n",
       " {'compound': 0.9951, 'neg': 0.053, 'neu': 0.643, 'pos': 0.304},\n",
       " {'compound': 0.9955, 'neg': 0.052, 'neu': 0.669, 'pos': 0.279},\n",
       " {'compound': 0.9948, 'neg': 0.0, 'neu': 0.586, 'pos': 0.414},\n",
       " {'compound': 0.9753, 'neg': 0.023, 'neu': 0.836, 'pos': 0.141},\n",
       " {'compound': 0.9951, 'neg': 0.009, 'neu': 0.766, 'pos': 0.224},\n",
       " {'compound': 0.1027, 'neg': 0.133, 'neu': 0.719, 'pos': 0.147},\n",
       " {'compound': 0.9916, 'neg': 0.026, 'neu': 0.772, 'pos': 0.202},\n",
       " {'compound': 0.9944, 'neg': 0.015, 'neu': 0.594, 'pos': 0.392},\n",
       " {'compound': 0.9826, 'neg': 0.028, 'neu': 0.778, 'pos': 0.194},\n",
       " {'compound': 0.9926, 'neg': 0.0, 'neu': 0.682, 'pos': 0.318},\n",
       " {'compound': 0.9804, 'neg': 0.019, 'neu': 0.791, 'pos': 0.189},\n",
       " {'compound': 0.9953, 'neg': 0.017, 'neu': 0.72, 'pos': 0.262},\n",
       " {'compound': 0.9876, 'neg': 0.035, 'neu': 0.729, 'pos': 0.236},\n",
       " {'compound': 0.8121, 'neg': 0.067, 'neu': 0.776, 'pos': 0.157},\n",
       " {'compound': 0.9962, 'neg': 0.013, 'neu': 0.573, 'pos': 0.414},\n",
       " {'compound': 0.9136, 'neg': 0.054, 'neu': 0.767, 'pos': 0.179},\n",
       " {'compound': 0.9701, 'neg': 0.026, 'neu': 0.729, 'pos': 0.245},\n",
       " {'compound': 0.9884, 'neg': 0.022, 'neu': 0.656, 'pos': 0.322},\n",
       " {'compound': 0.9826, 'neg': 0.023, 'neu': 0.734, 'pos': 0.243},\n",
       " {'compound': 0.9964, 'neg': 0.0, 'neu': 0.69, 'pos': 0.31},\n",
       " {'compound': 0.9783, 'neg': 0.0, 'neu': 0.78, 'pos': 0.22},\n",
       " {'compound': 0.9902, 'neg': 0.022, 'neu': 0.716, 'pos': 0.262},\n",
       " {'compound': 0.9731, 'neg': 0.093, 'neu': 0.685, 'pos': 0.221},\n",
       " {'compound': 0.9991, 'neg': 0.024, 'neu': 0.476, 'pos': 0.499},\n",
       " {'compound': 0.9628, 'neg': 0.045, 'neu': 0.767, 'pos': 0.188},\n",
       " {'compound': 0.982, 'neg': 0.01, 'neu': 0.766, 'pos': 0.225},\n",
       " {'compound': 0.9699, 'neg': 0.047, 'neu': 0.724, 'pos': 0.229},\n",
       " {'compound': 0.9938, 'neg': 0.024, 'neu': 0.679, 'pos': 0.297},\n",
       " {'compound': 0.9337, 'neg': 0.019, 'neu': 0.797, 'pos': 0.184},\n",
       " {'compound': 0.9849, 'neg': 0.048, 'neu': 0.768, 'pos': 0.184},\n",
       " {'compound': 0.9966, 'neg': 0.015, 'neu': 0.727, 'pos': 0.258},\n",
       " {'compound': 0.9246, 'neg': 0.014, 'neu': 0.886, 'pos': 0.101},\n",
       " {'compound': 0.9979, 'neg': 0.068, 'neu': 0.581, 'pos': 0.351},\n",
       " {'compound': 0.9918, 'neg': 0.023, 'neu': 0.707, 'pos': 0.27},\n",
       " {'compound': 0.9897, 'neg': 0.025, 'neu': 0.642, 'pos': 0.333},\n",
       " {'compound': 0.9883, 'neg': 0.056, 'neu': 0.631, 'pos': 0.313},\n",
       " {'compound': 0.9451, 'neg': 0.014, 'neu': 0.814, 'pos': 0.173},\n",
       " {'compound': 0.9879, 'neg': 0.058, 'neu': 0.655, 'pos': 0.287},\n",
       " {'compound': 0.9795, 'neg': 0.039, 'neu': 0.786, 'pos': 0.175},\n",
       " {'compound': 0.9217, 'neg': 0.027, 'neu': 0.853, 'pos': 0.12},\n",
       " {'compound': 0.9956, 'neg': 0.044, 'neu': 0.686, 'pos': 0.27},\n",
       " {'compound': 0.9977, 'neg': 0.034, 'neu': 0.629, 'pos': 0.337},\n",
       " {'compound': 0.9933, 'neg': 0.042, 'neu': 0.672, 'pos': 0.286},\n",
       " {'compound': 0.9895, 'neg': 0.056, 'neu': 0.703, 'pos': 0.241},\n",
       " {'compound': 0.9781, 'neg': 0.025, 'neu': 0.736, 'pos': 0.239},\n",
       " {'compound': 0.9956, 'neg': 0.0, 'neu': 0.703, 'pos': 0.297},\n",
       " {'compound': 0.9977, 'neg': 0.032, 'neu': 0.655, 'pos': 0.313},\n",
       " {'compound': 0.9963, 'neg': 0.019, 'neu': 0.724, 'pos': 0.257},\n",
       " {'compound': 0.9975, 'neg': 0.022, 'neu': 0.704, 'pos': 0.274},\n",
       " {'compound': 0.9957, 'neg': 0.0, 'neu': 0.614, 'pos': 0.386},\n",
       " {'compound': 0.9759, 'neg': 0.097, 'neu': 0.685, 'pos': 0.218},\n",
       " {'compound': 0.9142, 'neg': 0.09, 'neu': 0.699, 'pos': 0.211},\n",
       " {'compound': 0.9875, 'neg': 0.049, 'neu': 0.662, 'pos': 0.289},\n",
       " {'compound': 0.9894, 'neg': 0.034, 'neu': 0.756, 'pos': 0.209},\n",
       " {'compound': 0.9914, 'neg': 0.04, 'neu': 0.683, 'pos': 0.277},\n",
       " {'compound': 0.978, 'neg': 0.032, 'neu': 0.752, 'pos': 0.215},\n",
       " {'compound': 0.9926, 'neg': 0.0, 'neu': 0.732, 'pos': 0.268},\n",
       " {'compound': 0.9939, 'neg': 0.018, 'neu': 0.665, 'pos': 0.317},\n",
       " {'compound': 0.9667, 'neg': 0.044, 'neu': 0.76, 'pos': 0.195},\n",
       " {'compound': 0.9818, 'neg': 0.034, 'neu': 0.738, 'pos': 0.229},\n",
       " {'compound': 0.9929, 'neg': 0.031, 'neu': 0.637, 'pos': 0.332},\n",
       " {'compound': 0.9944, 'neg': 0.041, 'neu': 0.642, 'pos': 0.317},\n",
       " {'compound': 0.9853, 'neg': 0.038, 'neu': 0.787, 'pos': 0.175},\n",
       " {'compound': 0.9967, 'neg': 0.048, 'neu': 0.674, 'pos': 0.278},\n",
       " {'compound': 0.9853, 'neg': 0.037, 'neu': 0.751, 'pos': 0.212},\n",
       " {'compound': 0.9964, 'neg': 0.029, 'neu': 0.687, 'pos': 0.284},\n",
       " {'compound': 0.9893, 'neg': 0.057, 'neu': 0.655, 'pos': 0.288},\n",
       " {'compound': 0.9856, 'neg': 0.017, 'neu': 0.754, 'pos': 0.229},\n",
       " {'compound': 0.9859, 'neg': 0.0, 'neu': 0.733, 'pos': 0.267},\n",
       " {'compound': 0.9961, 'neg': 0.055, 'neu': 0.507, 'pos': 0.438},\n",
       " {'compound': 0.8999, 'neg': 0.092, 'neu': 0.759, 'pos': 0.15},\n",
       " {'compound': 0.9968, 'neg': 0.071, 'neu': 0.606, 'pos': 0.323},\n",
